>RM*TG
TRAIN DISCOUNT CONTROL TABLE
CODE D  VOLUME  %RL FREQ    EFF     DSC     EFFSALE DSCSALE TRAIN#
---------------------------------------------------------------------
G000 G    1- 10 100 @       #      -#       #      -#       #
G000 G   11- 99  95 @       #      -#       #      -#       #
P029 P   25- 99  80 S------ 05JAN21-30JUN21 01JAN20-30JUN21  803, 583
      603, 805, 109, 609, 205, 809, 813, 625, 627, 821, 125, 829,1563
      295, 565, 567, 300, 802, 502, 204, 606, 508, 206, 806, 610, 108
      612,1210, 616, 818,1328, 862,1570, 696, 294, 598
P029 P   25- 99  80 -----F- 05JAN21-30JUN21 01JAN20-30JUN21  803, 583
     1505,1305, 809, 817, 333,1563, 295, 565, 567, 300, 802,1202, 502
     1602,1504,1302, 606, 508,1510, 806,1514, 822, 830, 834, 654,1546
      858, 696, 294, 598
P029 P   25- 99  80 ------S 05JAN21-30JUN21 01JAN20-30JUN21  583,1505
      813, 829, 675, 853, 857, 333, 565, 567, 802, 502, 846, 850, 854
      858, 862, 696, 294, 598
P030 P   25- 99  70 -M----- 05JAN21-30JUN21 01JAN20-30JUN21  583,1505
      619, 817, 829, 661, 663,1241, 845, 849, 673, 675, 853, 157, 857
      161, 687, 861, 165, 693, 333, 295, 565, 567, 802,1504,1302,1510
      806,1514, 810, 616, 618, 814, 818, 838, 658, 660, 842, 664, 666
     1246, 846, 670, 148, 850, 152, 854, 858, 160, 690, 862, 696, 294
      598
P030 P   25- 99  70 --T---- 05JAN21-30JUN21 01JAN20-30JUN21  803, 583
     1505, 809,1307, 813, 619, 817, 625, 627, 821, 825, 829, 833, 841
      661, 663,1241, 845, 849, 673, 675, 853, 157, 857, 161, 687, 861
      165, 693, 333, 295, 565, 567, 300, 802,1202, 502,1602,1504,1302
      606, 508,1510, 806,1514, 810, 616, 814, 624, 818, 630, 822, 830
      838, 660, 842, 666, 846, 670, 148, 850, 152, 678, 854, 684, 858
      160, 690, 862, 696, 294, 598
P030 P   25- 99  70 ---W--- 05JAN21-30JUN21 01JAN20-30JUN21  803, 583
     1505, 809,1307, 813, 619, 817, 625, 627, 821, 663, 845, 849, 861
      165, 693, 333, 295, 565, 567, 300, 802,1202, 502,1602,1504,1302
      606, 508,1510, 806,1514, 810, 818, 838, 660, 666, 846, 670, 850
      676, 854, 684, 858, 160, 690, 862, 696, 294, 598
P030 P   25- 99  70 ----T-- 05JAN21-30JUN21 01JAN20-30JUN21  803, 583
     1505, 809,1307, 813, 619, 817, 625, 627, 829, 845, 673, 861, 165
      693, 295, 565, 567, 300, 802,1202, 502,1602,1504,1302, 606, 508
     1510, 806,1514, 810, 818, 838, 660, 666, 846, 850, 684, 858, 690
      862, 696, 294, 598
P031 P    1- 10  50 S------ 05JAN21-30JUN21 07OCT20-30JUN21  803, 583
      603, 805, 109, 609, 205, 809, 813, 625, 627, 821, 125, 829,1563
      295, 565, 567, 300, 802, 502, 204, 606, 508, 206, 806, 610, 108
      612,1210, 616, 818,1328, 862,1570, 696, 294, 598
P031 P    1- 10  50 -M----- 05JAN21-30JUN21 07OCT20-30JUN21  583,1505
      619, 817, 829, 661, 663,1241, 845, 849, 673, 675, 853, 157, 857
      161, 687, 861, 165, 693, 333, 295, 565, 567, 802,1504,1302,1510
      806,1514, 810, 616, 618, 814, 818, 838, 658, 660, 842, 664, 666
     1246, 846, 670, 148, 850, 152, 854, 858, 160, 690, 862, 696, 294
      598
P031 P    1- 10  50 --T---- 05JAN21-30JUN21 07OCT20-30JUN21  803, 583
     1505, 809,1307, 813, 619, 817, 625, 627, 821, 825, 829, 833, 841
      661, 663,1241, 845, 849, 673, 675, 853, 157, 857, 161, 687, 861
      165, 693, 333, 295, 565, 567, 300, 802,1202, 502,1602,1504,1302
      606, 508,1510, 806,1514, 810, 616, 814, 624, 818, 630, 822, 830
      838, 660, 842, 666, 846, 670, 148, 850, 152, 678, 854, 684, 858
      160, 690, 862, 696, 294, 598
P031 P    1- 10  50 ---W--- 05JAN21-30JUN21 07OCT20-30JUN21  803, 583
     1505, 809,1307, 813, 619, 817, 625, 627, 821, 663, 845, 849, 861
      165, 693, 333, 295, 565, 567, 300, 802,1202, 502,1602,1504,1302
      606, 508,1510, 806,1514, 810, 818, 838, 660, 666, 846, 670, 850
      676, 854, 684, 858, 160, 690, 862, 696, 294, 598
P031 P    1- 10  50 ----T-- 05JAN21-30JUN21 07OCT20-30JUN21  803, 583
     1505, 809,1307, 813, 619, 817, 625, 627, 829, 845, 673, 861, 165
      693, 295, 565, 567, 300, 802,1202, 502,1602,1504,1302, 606, 508
     1510, 806,1514, 810, 818, 838, 660, 666, 846, 850, 684, 858, 690
      862, 696, 294, 598
P031 P    1- 10  50 -----F- 05JAN21-30JUN21 07OCT20-30JUN21  803, 583
     1505,1305, 809, 817, 333,1563, 295, 565, 567, 300, 802,1202, 502
     1602,1504,1302, 606, 508,1510, 806,1514, 822, 830, 834, 654,1546
      858, 696, 294, 598
P031 P    1- 10  50 ------S 05JAN21-30JUN21 07OCT20-30JUN21  583,1505
      813, 829, 675, 853, 857, 333, 565, 567, 802, 502, 846, 850, 854
      858, 862, 696, 294, 598
P033 P    1- 10  50 S------ 05JAN21-30JUN21 07OCT20-30JUN21  803, 583
      603, 805, 109, 609, 205, 809, 813, 625, 627, 821, 125, 829,1563
      295, 565, 567, 300, 802, 502, 204, 606, 508, 206, 806, 610, 108
      612,1210, 616, 818,1328, 862,1570, 696, 294, 598
P033 P    1- 10  50 -M----- 05JAN21-30JUN21 07OCT20-30JUN21  583,1505
      619, 817, 829, 661, 663,1241, 845, 849, 673, 675, 853, 157, 857
      161, 687, 861, 165, 693, 333, 295, 565, 567, 802,1504,1302,1510
      806,1514, 810, 616, 618, 814, 818, 838, 658, 660, 842, 664, 666
     1246, 846, 670, 148, 850, 152, 854, 858, 160, 690, 862, 696, 294
      598
P033 P    1- 10  50 --T---- 05JAN21-30JUN21 07OCT20-30JUN21  803, 583
     1505, 809,1307, 813, 619, 817, 625, 627, 821, 825, 829, 833, 841
      661, 663,1241, 845, 849, 673, 675, 853, 157, 857, 161, 687, 861
      165, 693, 333, 295, 565, 567, 300, 802,1202, 502,1602,1504,1302
      606, 508,1510, 806,1514, 810, 616, 814, 624, 818, 630, 822, 830
      838, 660, 842, 666, 846, 670, 148, 850, 152, 678, 854, 684, 858
      160, 690, 862, 696, 294, 598
P033 P    1- 10  50 ---W--- 05JAN21-30JUN21 07OCT20-30JUN21  803, 583
     1505, 809,1307, 813, 619, 817, 625, 627, 821, 663, 845, 849, 861
      165, 693, 333, 295, 565, 567, 300, 802,1202, 502,1602,1504,1302
      606, 508,1510, 806,1514, 810, 818, 838, 660, 666, 846, 670, 850
      676, 854, 684, 858, 160, 690, 862, 696, 294, 598
P033 P    1- 10  50 ----T-- 05JAN21-30JUN21 07OCT20-30JUN21  803, 583
     1505, 809,1307, 813, 619, 817, 625, 627, 829, 845, 673, 861, 165
      693, 295, 565, 567, 300, 802,1202, 502,1602,1504,1302, 606, 508
     1510, 806,1514, 810, 818, 838, 660, 666, 846, 850, 684, 858, 690
      862, 696, 294, 598
P033 P    1- 10  50 -----F- 05JAN21-30JUN21 07OCT20-30JUN21  803, 583
     1505,1305, 809, 817, 333,1563, 295, 565, 567, 300, 802,1202, 502
     1602,1504,1302, 606, 508,1510, 806,1514, 822, 830, 834, 654,1546
      858, 696, 294, 598
P033 P    1- 10  50 ------S 05JAN21-30JUN21 07OCT20-30JUN21  583,1505
      813, 829, 675, 853, 857, 333, 565, 567, 802, 502, 846, 850, 854
      858, 862, 696, 294, 598
P034 P    1- 10  50 S------ 05JAN21-30JUN21 07OCT20-30JUN21  803, 583
      603, 805, 109, 609, 205, 809, 813, 625, 627, 821, 125, 829,1563
      295, 565, 567, 300, 802, 502, 204, 606, 508, 206, 806, 610, 108
      612,1210, 616, 818,1328, 862,1570, 696, 294, 598
P034 P    1- 10  50 -M----- 05JAN21-30JUN21 07OCT20-30JUN21  583,1505
      619, 817, 829, 661, 663,1241, 845, 849, 673, 675, 853, 157, 857
      161, 687, 861, 165, 693, 333, 295, 565, 567, 802,1504,1302,1510
      806,1514, 810, 616, 618, 814, 818, 838, 658, 660, 842, 664, 666
     1246, 846, 670, 148, 850, 152, 854, 858, 160, 690, 862, 696, 294
      598
P034 P    1- 10  50 --T---- 05JAN21-30JUN21 07OCT20-30JUN21  803, 583
     1505, 809,1307, 813, 619, 817, 625, 627, 821, 825, 829, 833, 841
      661, 663,1241, 845, 849, 673, 675, 853, 157, 857, 161, 687, 861
      165, 693, 333, 295, 565, 567, 300, 802,1202, 502,1602,1504,1302
      606, 508,1510, 806,1514, 810, 616, 814, 624, 818, 630, 822, 830
      838, 660, 842, 666, 846, 670, 148, 850, 152, 678, 854, 684, 858
      160, 690, 862, 696, 294, 598
P034 P    1- 10  50 ---W--- 05JAN21-30JUN21 07OCT20-30JUN21  803, 583
     1505, 809,1307, 813, 619, 817, 625, 627, 821, 663, 845, 849, 861
      165, 693, 333, 295, 565, 567, 300, 802,1202, 502,1602,1504,1302
      606, 508,1510, 806,1514, 810, 818, 838, 660, 666, 846, 670, 850
      676, 854, 684, 858, 160, 690, 862, 696, 294, 598
P034 P    1- 10  50 ----T-- 05JAN21-30JUN21 07OCT20-30JUN21  803, 583
     1505, 809,1307, 813, 619, 817, 625, 627, 829, 845, 673, 861, 165
      693, 295, 565, 567, 300, 802,1202, 502,1602,1504,1302, 606, 508
     1510, 806,1514, 810, 818, 838, 660, 666, 846, 850, 684, 858, 690
      862, 696, 294, 598
P034 P    1- 10  50 -----F- 05JAN21-30JUN21 07OCT20-30JUN21  803, 583
     1505,1305, 809, 817, 333,1563, 295, 565, 567, 300, 802,1202, 502
     1602,1504,1302, 606, 508,1510, 806,1514, 822, 830, 834, 654,1546
      858, 696, 294, 598
P034 P    1- 10  50 ------S 05JAN21-30JUN21 07OCT20-30JUN21  583,1505
      813, 829, 675, 853, 857, 333, 565, 567, 802, 502, 846, 850, 854
      858, 862, 696, 294, 598
P108 P    1- 10  88 S------ 01JAN21-31MAR21 01JAN20-31MAR21  583, 809
      813, 817, 627, 125, 633,1643,1557, 687, 693,1563, 295, 565, 567
      300, 802, 502, 204, 606, 508, 206, 806, 610, 108, 612,1210, 810
      616, 112, 814, 624, 628, 822, 598
P108 P    1- 10  88 -M----- 01JAN21-31MAR21 01JAN20-31MAR21  583,1505
      817, 627, 829, 833, 837, 661, 663,1241, 845, 667, 849, 673, 675
      249, 853, 157, 857, 161, 687, 861, 165, 693, 333, 295, 565, 567
      802,1504, 508,1510, 612, 616, 628, 630, 830, 838, 660, 666, 846
      670, 148, 672, 850, 676, 678, 854, 684, 858, 160, 690, 862, 696
      294, 598
P108 P    1- 10  88 --T---- 01JAN21-31MAR21 01JAN20-31MAR21  803, 583
     1505, 809, 813, 619, 621, 817, 625, 627, 821, 825, 829, 833, 837
      841, 661, 663,1241, 845, 667, 849, 673, 675, 249, 853, 157, 857
      161, 687, 861, 165, 693, 333, 295, 565, 567, 300, 802,1202, 502
     1602,1504,1302, 606, 508,1510, 806,1514, 810, 814, 624, 818, 628
      630, 822, 826, 830, 838, 660, 842, 666, 846, 670, 672, 850, 676
      678, 854, 684, 858, 160, 690, 862, 696, 294, 598
P108 P    1- 10  88 ---W--- 01JAN21-31MAR21 01JAN20-31MAR21  803, 583
     1505,1307, 813, 817, 625, 627, 821, 825, 829, 833, 837, 841, 661
      663,1241, 845, 667, 849, 673, 675, 853, 857, 861, 165, 693, 333
      295, 565, 567, 300, 802,1202, 502,1602,1504,1302, 606, 508,1510
      806,1514, 810, 814, 818, 628, 822, 826, 830, 838, 660, 842, 666
      846, 670, 672, 850, 676, 678, 854, 684, 858, 160, 690, 862, 696
      294, 598
P108 P    1- 10  88 ----T-- 01JAN21-31MAR21 01JAN20-31MAR21  803, 583
     1505, 813, 817, 625, 821, 825, 833, 663, 861, 165, 693, 295, 565
      567, 300, 802,1202, 502,1602,1504,1302, 606, 508,1510, 806,1514
      810, 814, 818, 628, 822, 838, 846, 850, 678, 684, 858, 690, 862
      696, 294, 598
P108 P    1- 10  88 -----F- 01JAN21-31MAR21 01JAN20-31MAR21  583,1505
     1305, 809, 813, 829,1563, 565, 567, 300, 802,1202, 502,1602,1504
     1302, 606, 508,1510,1514, 822,1634, 830, 834, 690,1264, 696, 294
      598
P108 P    1- 10  88 ------S 01JAN21-31MAR21 01JAN20-31MAR21  583, 841
      849, 675, 853, 857, 861, 693, 333, 295, 565, 567, 502, 624, 822
      850, 684, 858,1688, 690, 862, 696, 294, 598
P116 P    1- 10  88 S------ 15JAN21-31JAN21 10JAN21-31JAN21  583, 803
      203, 603, 805, 109, 609, 205, 809, 613, 813, 619, 817, 625, 627
      125, 565, 567, 502, 508, 300, 802, 204, 606, 206, 806, 610, 108
      612,1210, 616, 598
P116 P    1- 10  88 -----F- 15JAN21-31JAN21 10JAN21-31JAN21  583, 803
     1505, 809, 813, 837, 502,1504, 508, 300,1510, 802,1202,1602,1302
      204, 606,1514, 806, 612, 810, 826,1320,1554, 598
P116 P    1- 10  88 ------S 15JAN21-31JAN21 10JAN21-31JAN21  583, 805
     1505,1679, 857, 502, 508, 606, 838, 854, 858, 862, 696, 598
P118 P    1- 10  82 -M----- 14SEP20-31JAN21 08SEP20-31JAN21  583, 817
      829, 837,1321, 841, 661, 663, 845, 849, 673, 675, 853, 157, 857
      861, 165, 693, 333, 295, 565, 567, 502, 802,1302, 616, 814, 818
      838, 842, 666, 846, 672, 850, 854, 858, 160, 690, 862, 696, 294
      598
P118 P    1- 10  82 --T---- 14SEP20-31JAN21 08SEP20-31JAN21  583, 803
      805,1505, 809, 615,1307, 813, 619, 621, 817, 625, 627, 821, 125
      633, 825, 829,1321, 841, 661, 663, 845, 849, 673, 675, 853, 857
      161, 861, 165, 693, 333, 295, 565, 567, 502,1504, 508, 300,1510
      802,1202,1602,1302, 204, 606,1514, 806, 610, 810, 616, 818, 628
      838, 842, 846, 850, 678, 854, 156, 684, 858, 160, 690, 862, 696
      294, 598
P118 P    1- 10  82 ---W--- 14SEP20-31JAN21 08SEP20-31JAN21  583, 803
      805,1505, 809,1307, 813, 619, 621, 817, 625, 627, 821, 825, 829
      833, 837,1321, 841, 661, 663, 845, 667, 849, 673, 675, 853, 157
      857, 161, 687, 861, 165, 693, 333, 295, 565, 567, 502,1504, 508
      300,1510, 802,1202,1602,1302, 204, 606,1514, 806, 810, 618, 814
      624, 818, 628, 630, 822, 838, 660, 842, 666, 846, 672, 850, 152
      678, 854, 156, 684, 858, 160, 690, 862, 696, 294, 598
P118 P    1- 10  82 ----T-- 14SEP20-31JAN21 08SEP20-31JAN21  583, 803
     1505, 809,1509,1307, 813, 619, 817, 625, 821, 841, 661, 845, 669
      673, 675, 853, 861, 165, 693, 333, 295, 565, 567, 502,1504, 508
      300,1510, 802,1202,1602,1302, 606,1514, 806, 612, 810, 616, 818
      628, 850, 678, 684, 858, 160, 690, 862, 696, 294, 598
P225 P    1- 99  70 S------ 01SEP20-30JUN21 01JAN20-30JUN21  583, 803
      203, 603, 805, 109, 609, 205, 809, 613, 813, 817, 625, 627, 125
      565, 567, 502, 508, 300, 802, 204, 606, 206, 806, 610, 108, 612
     1210, 616, 598
P225 P    1- 99  70 -M----- 01SEP20-30JUN21 01JAN20-30JUN21  583, 817
      821, 829, 833, 837,1321, 841, 661, 663, 845, 849, 673, 675, 853
      861, 165, 693, 333, 295, 565, 567, 502, 802,1302, 814, 818, 830
      838, 842, 666, 846, 672, 850, 854, 858, 160, 690, 862, 696, 294
      598
P225 P    1- 99  70 --T---- 01SEP20-30JUN21 01JAN20-30JUN21  583, 803
      805,1505, 809, 615,1307, 813, 619, 621, 817, 625, 627, 821, 633
      825, 829, 837,1321, 841, 661, 663, 845, 849, 675, 857, 861, 165
      693, 333, 295, 565, 567, 502,1504, 508, 300,1510, 802,1202,1602
     1302, 204, 606,1514, 806, 810, 616, 818, 838, 842, 846, 850, 678
      854, 858, 160, 690, 862, 696, 294, 598
P225 P    1- 99  70 ---W--- 01SEP20-30JUN21 01JAN20-30JUN21  583, 803
      805,1505, 809,1307, 813, 619, 621, 817, 625, 627, 821, 825, 829
      833, 837,1321, 841, 661, 663, 845, 667, 849, 673, 675, 853, 857
      161, 861, 165, 693, 333, 295, 565, 567, 502,1504, 508, 300,1510
      802,1202,1602,1302, 606,1514, 806, 810, 618, 814, 624, 818, 822
      636, 826, 838, 660, 842, 666, 846, 672, 850, 152, 678, 854, 156
      684, 858, 160, 690, 862, 696, 294, 598
P225 P    1- 99  70 ----T-- 01SEP20-30JUN21 01JAN20-30JUN21  583, 803
     1505, 809,1509,1307, 813, 619, 817, 625, 821, 829,1321, 841, 661
      845, 669, 673, 675, 853, 861, 165, 693, 333, 295, 565, 567, 502
     1504, 508, 300,1510, 802,1202,1602,1302, 606,1514, 806, 612, 810
      616, 818, 628, 636, 830, 838, 660, 850, 678, 684, 858, 160, 690
      862, 294, 598
P225 P    1- 99  70 -----F- 01SEP20-30JUN21 01JAN20-30JUN21  583, 803
     1505, 809, 813, 837, 502,1504, 508, 300,1510, 802,1202,1602,1302
      606,1514, 806, 612, 810, 826,1546,1320,1554, 598
P225 P    1- 99  70 ------S 01SEP20-30JUN21 01JAN20-30JUN21  583,1505
     1679, 857, 502, 508, 858, 862, 696, 598
P226 P    1- 99  40 S------ 01SEP20-30JUN21 01JAN20-30JUN21  583, 803
      203, 603, 805, 109, 609, 205, 809, 613, 813, 817, 625, 627, 125
      565, 567, 502, 508, 300, 802, 204, 606, 206, 806, 610, 108, 612
     1210, 616, 598

P226 P    1- 99  40 -M----- 01SEP20-30JUN21 01JAN20-30JUN21  583, 817
      821, 829, 833, 837,1321, 841, 661, 663, 845, 849, 673, 675, 853
      861, 165, 693, 333, 295, 565, 567, 502, 802,1302, 814, 818, 830
      838, 842, 666, 846, 672, 850, 854, 858, 160, 690, 862, 696, 294
      598
P226 P    1- 99  40 --T---- 01SEP20-30JUN21 01JAN20-30JUN21  583, 803
      805,1505, 809, 615,1307, 813, 619, 621, 817, 625, 627, 821, 633
      825, 829, 837,1321, 841, 661, 663, 845, 849, 675, 857, 861, 165
      693, 333, 295, 565, 567, 502,1504, 508, 300,1510, 802,1202,1602
     1302, 204, 606,1514, 806, 810, 616, 818, 838, 842, 846, 850, 678
      854, 858, 160, 690, 862, 696, 294, 598
P226 P    1- 99  40 ---W--- 01SEP20-30JUN21 01JAN20-30JUN21  583, 803
      805,1505, 809,1307, 813, 619, 621, 817, 625, 627, 821, 825, 829
      833, 837,1321, 841, 661, 663, 845, 667, 849, 673, 675, 853, 857
      161, 861, 165, 693, 333, 295, 565, 567, 502,1504, 508, 300,1510
      802,1202,1602,1302, 606,1514, 806, 810, 618, 814, 624, 818, 822
      636, 826, 838, 660, 842, 666, 846, 672, 850, 152, 678, 854, 156
      684, 858, 160, 690, 862, 696, 294, 598
P226 P    1- 99  40 ----T-- 01SEP20-30JUN21 01JAN20-30JUN21  583, 803
     1505, 809,1509,1307, 813, 619, 817, 625, 821, 829,1321, 841, 661
      845, 669, 673, 675, 853, 861, 165, 693, 333, 295, 565, 567, 502
     1504, 508, 300,1510, 802,1202,1602,1302, 606,1514, 806, 612, 810
      616, 818, 628, 636, 830, 838, 660, 850, 678, 684, 858, 160, 690
      862, 294, 598
P226 P    1- 99  40 -----F- 01SEP20-30JUN21 01JAN20-30JUN21  583, 803
     1505, 809, 813, 837, 502,1504, 508, 300,1510, 802,1202,1602,1302
      606,1514, 806, 612, 810, 826,1546,1320,1554, 598
P226 P    1- 99  40 ------S 01SEP20-30JUN21 01JAN20-30JUN21  583,1505
     1679, 857, 502, 508, 858, 862, 696, 598
P227 P    1- 99  40 S------ 01SEP20-30JUN21 01JAN20-30JUN21  583, 803
      203, 603, 805, 109, 609, 205, 809, 613, 813, 817, 625, 627, 125
      565, 567, 502, 508, 300, 802, 204, 606, 206, 806, 610, 108, 612
     1210, 616, 598
P227 P    1- 99  40 -M----- 01SEP20-30JUN21 01JAN20-30JUN21  583, 817
      821, 829, 833, 837,1321, 841, 661, 663, 845, 849, 673, 675, 853
      861, 165, 693, 333, 295, 565, 567, 502, 802,1302, 814, 818, 830
      838, 842, 666, 846, 672, 850, 854, 858, 160, 690, 862, 696, 294
      598
P227 P    1- 99  40 --T---- 01SEP20-30JUN21 01JAN20-30JUN21  583, 803
      805,1505, 809, 615,1307, 813, 619, 621, 817, 625, 627, 821, 633
      825, 829, 837,1321, 841, 661, 663, 845, 849, 675, 857, 861, 165
      693, 333, 295, 565, 567, 502,1504, 508, 300,1510, 802,1202,1602
     1302, 204, 606,1514, 806, 810, 616, 818, 838, 842, 846, 850, 678
      854, 858, 160, 690, 862, 696, 294, 598
P227 P    1- 99  40 ---W--- 01SEP20-30JUN21 01JAN20-30JUN21  583, 803
      805,1505, 809,1307, 813, 619, 621, 817, 625, 627, 821, 825, 829
      833, 837,1321, 841, 661, 663, 845, 667, 849, 673, 675, 853, 857
      161, 861, 165, 693, 333, 295, 565, 567, 502,1504, 508, 300,1510
      802,1202,1602,1302, 606,1514, 806, 810, 618, 814, 624, 818, 822
      636, 826, 838, 660, 842, 666, 846, 672, 850, 152, 678, 854, 156
      684, 858, 160, 690, 862, 696, 294, 598
P227 P    1- 99  40 ----T-- 01SEP20-30JUN21 01JAN20-30JUN21  583, 803
     1505, 809,1509,1307, 813, 619, 817, 625, 821, 829,1321, 841, 661
      845, 669, 673, 675, 853, 861, 165, 693, 333, 295, 565, 567, 502
     1504, 508, 300,1510, 802,1202,1602,1302, 606,1514, 806, 612, 810
      616, 818, 628, 636, 830, 838, 660, 850, 678, 684, 858, 160, 690
      862, 294, 598
P227 P    1- 99  40 -----F- 01SEP20-30JUN21 01JAN20-30JUN21  583, 803
     1505, 809, 813, 837, 502,1504, 508, 300,1510, 802,1202,1602,1302
      606,1514, 806, 612, 810, 826,1546,1320,1554, 598
P227 P    1- 99  40 ------S 01SEP20-30JUN21 01JAN20-30JUN21  583,1505
     1679, 857, 502, 508, 858, 862, 696, 598
P228 P    1- 99  40 S------ 01SEP20-30JUN21 01JAN20-30JUN21  583, 803
      203, 603, 805, 109, 609, 205, 809, 613, 813, 817, 625, 627, 125
      565, 567, 502, 508, 300, 802, 204, 606, 206, 806, 610, 108, 612
     1210, 616, 598
P228 P    1- 99  40 -M----- 01SEP20-30JUN21 01JAN20-30JUN21  583, 817
      821, 829, 833, 837,1321, 841, 661, 663, 845, 849, 673, 675, 853
      861, 165, 693, 333, 295, 565, 567, 502, 802,1302, 814, 818, 830
      838, 842, 666, 846, 672, 850, 854, 858, 160, 690, 862, 696, 294
      598
P228 P    1- 99  40 --T---- 01SEP20-30JUN21 01JAN20-30JUN21  583, 803
      805,1505, 809, 615,1307, 813, 619, 621, 817, 625, 627, 821, 633
      825, 829, 837,1321, 841, 661, 663, 845, 849, 675, 857, 861, 165
      693, 333, 295, 565, 567, 502,1504, 508, 300,1510, 802,1202,1602
     1302, 204, 606,1514, 806, 810, 616, 818, 838, 842, 846, 850, 678
      854, 858, 160, 690, 862, 696, 294, 598
P228 P    1- 99  40 ---W--- 01SEP20-30JUN21 01JAN20-30JUN21  583, 803
      805,1505, 809,1307, 813, 619, 621, 817, 625, 627, 821, 825, 829
      833, 837,1321, 841, 661, 663, 845, 667, 849, 673, 675, 853, 857
      161, 861, 165, 693, 333, 295, 565, 567, 502,1504, 508, 300,1510
      802,1202,1602,1302, 606,1514, 806, 810, 618, 814, 624, 818, 822
      636, 826, 838, 660, 842, 666, 846, 672, 850, 152, 678, 854, 156
      684, 858, 160, 690, 862, 696, 294, 598
P228 P    1- 99  40 ----T-- 01SEP20-30JUN21 01JAN20-30JUN21  583, 803
     1505, 809,1509,1307, 813, 619, 817, 625, 821, 829,1321, 841, 661
      845, 669, 673, 675, 853, 861, 165, 693, 333, 295, 565, 567, 502
     1504, 508, 300,1510, 802,1202,1602,1302, 606,1514, 806, 612, 810
      616, 818, 628, 636, 830, 838, 660, 850, 678, 684, 858, 160, 690
      862, 294, 598
P228 P    1- 99  40 -----F- 01SEP20-30JUN21 01JAN20-30JUN21  583, 803
     1505, 809, 813, 837, 502,1504, 508, 300,1510, 802,1202,1602,1302
      606,1514, 806, 612, 810, 826,1546,1320,1554, 598
P228 P    1- 99  40 ------S 01SEP20-30JUN21 01JAN20-30JUN21  583,1505
     1679, 857, 502, 508, 858, 862, 696, 598
P999 P    1- 99 100 @       01JUL16-#       #      -#        583, 803
      203, 603, 805,1607, 109,1505, 609, 205,1305, 809, 613, 113,1509
      615,1209,1307, 813, 619, 117,1513, 621,1213,1309, 817, 625, 121
      627,1217, 821,1631, 125, 633, 825,1637, 129, 639, 829,1643, 133
      645, 833,1649, 137, 651, 837,1655, 141, 657,1237,1321, 841, 661
      145,1541, 663,1241, 845, 667, 149,1545, 669,1245, 849, 673, 153
     1549, 675, 249,1327, 853,1679, 157,1553, 681,1253, 857,1685, 161
     1557, 687,1257, 861,1691, 165, 693, 333,1563, 295, 565, 567, 502
     1504, 300, 508,1510, 802,1202,1602,1302, 204, 606,1514, 206, 806
      610, 108, 612,1210, 810, 616, 112, 618,1522,1214, 814,1622, 116
      624,1218, 818, 628, 120, 630, 822,1634, 124, 636, 826,1640, 128
      642,1538, 830,1646, 132, 648,1542,1234, 834,1652,1318, 136, 654
     1546,1238, 838, 658,1320, 140, 660,1550, 242, 842, 664, 144, 666
     1554,1246, 846, 670, 148, 672,1558,1250, 850, 676,1326, 152, 678
     1562,1254, 854,1682,1328, 156, 684,1566,1258, 858,1688,1330, 160
     1570, 690, 862,1264, 696, 294, 598
YP50 O    1- 10  50 S------ 14JAN21-20JAN21 01JAN20-20JAN21  583, 817
      565, 818
YP50 O    1- 10  50 S------ 21JAN21-31JAN21 01JAN20-31JAN21  583, 565
YP50 O    1- 10  50 S------ 01FEB21-07FEB21 01JAN21-07FEB21  583, 565
      567, 598
YP50 O    1- 10  50 S------ 08FEB21-14FEB21 01JAN21-17FEB21  583, 567
      502, 508
YP50 O    1- 10  50 S------ 18FEB21-22FEB21 01JAN21-22FEB21  583, 817
      565, 567, 818, 598
YP50 O    1- 10  50 -M----- 14JAN21-20JAN21 01JAN20-20JAN21  583, 817
      333, 565, 567, 818, 598
YP50 O    1- 10  50 -M----- 21JAN21-31JAN21 01JAN20-31JAN21  583, 333
      565, 567, 598
YP50 O    1- 10  50 -M----- 01FEB21-07FEB21 01JAN21-07FEB21  583, 333
      565, 567, 862, 696, 598
YP50 O    1- 10  50 -M----- 08FEB21-14FEB21 01JAN21-17FEB21  583, 696
      598
YP50 O    1- 10  50 -M----- 15FEB21-17FEB21 01JAN21-17FEB21  583, 502
YP50 O    1- 10  50 -M----- 18FEB21-22FEB21 01JAN21-22FEB21  583, 817
      333, 565, 567, 818, 862, 696, 598
YP50 O    1- 10  50 --T---- 14JAN21-20JAN21 01JAN20-20JAN21  583, 817
      333, 565, 567,1504,1510, 802, 818, 696, 598
YP50 O    1- 10  50 --T---- 21JAN21-31JAN21 01JAN20-31JAN21  583, 333
      565, 567,1504,1510, 802, 696, 598
YP50 O    1- 10  50 --T---- 01FEB21-07FEB21 01JAN21-07FEB21  583, 333
      565, 567,1504,1510, 802, 696, 598
YP50 O    1- 10  50 --T---- 08FEB21-14FEB21 01JAN21-17FEB21  583, 502
     1504, 802
YP50 O    1- 10  50 --T---- 15FEB21-17FEB21 01JAN21-17FEB21  583, 333
      567
YP50 O    1- 10  50 --T---- 23FEB21-25FEB21 01JAN21-25FEB21  583, 333
      565, 567,1504,1510, 802, 696, 598
YP50 O    1- 10  50 ---W--- 14JAN21-20JAN21 01JAN20-20JAN21  583, 817
      333, 567,1504,1510, 802, 818, 696, 598
YP50 O    1- 10  50 ---W--- 21JAN21-31JAN21 01JAN20-31JAN21  583, 333
      567,1504,1510, 802, 696, 598
YP50 O    1- 10  50 ---W--- 01FEB21-07FEB21 01JAN21-07FEB21  583, 333
      565, 567,1504,1510, 802, 696, 598
YP50 O    1- 10  50 ---W--- 08FEB21-14FEB21 01JAN21-17FEB21  508, 802
YP50 O    1- 10  50 ---W--- 15FEB21-17FEB21 01JAN21-17FEB21  583, 333
      565, 567, 598
YP50 O    1- 10  50 ---W--- 23FEB21-25FEB21 01JAN21-25FEB21  583, 333
      565, 567,1504,1510, 802, 696, 598
YP50 O    1- 10  50 ----T-- 14JAN21-20JAN21 01JAN20-20JAN21  583, 817
      567,1504,1510, 802, 818, 696, 598
YP50 O    1- 10  50 ----T-- 21JAN21-31JAN21 01JAN20-31JAN21  583, 567
     1504,1510, 802, 696, 598
YP50 O    1- 10  50 ----T-- 01FEB21-07FEB21 01JAN21-07FEB21  583, 333
      565,1504,1510, 802, 696, 598
YP50 O    1- 10  50 ----T-- 08FEB21-14FEB21 01JAN21-17FEB21  567, 502
      508, 300, 802, 598
YP50 O    1- 10  50 ----T-- 18FEB21-22FEB21 01JAN21-22FEB21  583, 817
      333, 565,1504,1510, 802, 818, 696, 598
YP50 O    1- 10  50 ----T-- 23FEB21-25FEB21 01JAN21-25FEB21  583, 333
      565,1504,1510, 802, 696, 598
YP50 O    1- 10  50 -----F- 14JAN21-20JAN21 01JAN20-20JAN21  583, 817
     1504,1510, 802, 818, 598
YP50 O    1- 10  50 -----F- 21JAN21-31JAN21 01JAN20-31JAN21  583,1504
     1510, 802, 598
YP50 O    1- 10  50 -----F- 01FEB21-07FEB21 01JAN21-07FEB21  583,1504
     1510, 696, 598
YP50 O    1- 10  50 -----F- 08FEB21-14FEB21 01JAN21-17FEB21  583, 598
YP50 O    1- 10  50 -----F- 18FEB21-22FEB21 01JAN21-22FEB21  583, 817
     1504,1510, 818, 696, 598
YP50 O    1- 10  50 ------S 14JAN21-20JAN21 01JAN20-20JAN21  583, 817
      818
YP50 O    1- 10  50 ------S 21JAN21-31JAN21 01JAN20-31JAN21  583
YP50 O    1- 10  50 ------S 01FEB21-07FEB21 01JAN21-07FEB21  583, 598
YP50 O    1- 10  50 ------S 08FEB21-14FEB21 01JAN21-17FEB21  508
YP50 O    1- 10  50 ------S 18FEB21-22FEB21 01JAN21-22FEB21  583, 817
      818, 598
YP6G O    1- 10  75 S------ 14JAN21-20JAN21 01JAN20-20JAN21  803, 603
      805, 609, 809, 625, 821, 825, 829, 833,1545,1549, 853,1553,1557
      861, 333,1563, 567, 502, 508, 300, 802, 606, 806, 810, 814, 822
      826,1538, 830,1570, 862, 696, 598
YP6G O    1- 10  75 S------ 21JAN21-31JAN21 01JAN20-31JAN21  803, 603
      805, 609, 809, 817, 625, 821, 825, 829, 833,1545,1549, 853,1553
     1557, 861, 333,1563, 567, 502, 508, 300, 802, 606, 806, 810, 814
      818, 822, 826,1538, 830,1570, 862, 696, 598
YP6G O    1- 10  75 S------ 01FEB21-07FEB21 01JAN21-07FEB21  803, 603
      805, 609, 809, 817, 625, 821, 825, 829, 833,1545,1549,1553,1557
      861, 333,1563, 295, 502, 508, 300, 802, 606, 806, 612, 810, 814
      818, 822, 826,1538, 830,1570, 862, 696, 294
YP6G O    1- 10  75 S------ 08FEB21-14FEB21 01JAN21-17FEB21 1525,1529
     1541, 857, 687, 693, 333,1563, 295, 565,1510, 802
YP6G O    1- 10  75 S------ 18FEB21-22FEB21 01JAN21-22FEB21  803, 603
      805, 609, 809, 625, 821, 825, 829, 833,1545,1549,1553,1557, 861
      333,1563, 295, 502, 508, 300, 802, 606, 806, 612, 810, 814, 822
      826,1538, 830,1570, 862, 696, 294
YP6G O    1- 10  75 -M----- 14JAN21-20JAN21 01JAN20-20JAN21  803,1505
      809, 813, 625, 821, 825, 829, 841, 663, 845, 667, 849, 675, 853
      857, 861, 693, 295,1504,1510, 802,1302,1514, 806, 810, 838, 660
      842, 666, 846, 850, 854, 684, 858, 690, 862, 696, 294
YP6G O    1- 10  75 -M----- 21JAN21-31JAN21 01JAN20-31JAN21  803,1505
      809, 813, 817, 625, 821, 825, 829, 841, 663, 845, 667, 849, 675
      853, 857, 861, 693, 295,1504,1510, 802,1302,1514, 806, 810, 818
      838, 660, 842, 666, 846, 850, 854, 684, 858, 690, 862, 696, 294
YP6G O    1- 10  75 -M----- 01FEB21-07FEB21 01JAN21-07FEB21  803,1505
      809, 813, 817, 625, 821, 825, 841, 661, 663, 845, 849, 673, 675
      853, 857, 861, 693, 295,1504, 508,1510, 802,1602,1302, 606,1514
      806, 810, 818, 826, 838, 660, 842, 666, 846, 670, 672, 850, 678
      854, 684, 858, 690, 294
YP6G O    1- 10  75 -M----- 08FEB21-14FEB21 01JAN21-17FEB21  821, 825
      829, 333, 567, 502,1504, 508, 300,1510, 802,1602,1302, 606,1514
      810, 818, 842, 846, 850, 858, 690, 862, 294
YP6G O    1- 10  75 -M----- 15FEB21-17FEB21 01JAN21-17FEB21  805,1505
     1513, 821, 825,1533, 333, 295, 565, 567
YP6G O    1- 10  75 -M----- 18FEB21-22FEB21 01JAN21-22FEB21  803,1505
      809, 813, 625, 821, 825, 841, 661, 663, 845, 849, 673, 675, 853
      857, 861, 693, 295,1504, 508,1510, 802,1602,1302, 606,1514, 806
      810, 826, 838, 660, 842, 666, 846, 670, 672, 850, 678, 854, 684
      858, 690, 294
YP6G O    1- 10  75 --T---- 14JAN21-20JAN21 01JAN20-20JAN21  803,1505
      809,1307, 813, 619, 625, 821, 825, 829, 841, 663, 845, 667, 849
      675, 853, 857, 861, 693, 295, 502, 508, 300,1602,1302, 606,1514
      806, 810, 838, 842, 666, 846, 850, 854, 684, 858, 690, 862, 294
YP6G O    1- 10  75 --T---- 21JAN21-31JAN21 01JAN20-31JAN21  803,1505
      809,1307, 813, 619, 817, 625, 821, 825, 829, 841, 663, 845, 667
      849, 675, 853, 857, 861, 693, 295, 502, 508, 300,1602,1302, 606
     1514, 806, 810, 818, 838, 842, 666, 846, 850, 854, 684, 858, 690
      862, 294
YP6G O    1- 10  75 --T---- 01FEB21-07FEB21 01JAN21-07FEB21  803, 805
     1505, 809,1307, 813, 619, 817, 625, 821, 825, 829, 833, 841, 663
      845, 849, 675, 853, 857, 861, 693, 295, 502, 508, 300,1602,1302
      606,1514, 806, 810, 818, 838, 660, 842, 666, 846, 672, 850, 854
      684, 858, 690, 862, 294
YP6G O    1- 10  75 --T---- 08FEB21-14FEB21 01JAN21-17FEB21 1513, 508
      300,1510,1602,1302, 606,1514, 806, 610, 810, 618, 818, 822, 838
      842, 846, 850, 854, 862, 696, 294, 598
YP6G O    1- 10  75 --T---- 15FEB21-17FEB21 01JAN21-17FEB21  803, 603
     1505, 609, 809, 613, 813, 619, 817, 825,1541, 853, 857, 687, 861
      693, 295, 565, 502,1504,1600, 300
YP6G O    1- 10  75 --T---- 23FEB21-25FEB21 01JAN21-25FEB21  803, 805
     1505, 809,1307, 813, 619, 817, 625, 821, 825, 829, 833, 841, 663
      845, 849, 675, 853, 857, 861, 693, 295, 502, 508, 300,1602,1302
      606,1514, 806, 810, 818, 838, 660, 842, 666, 846, 672, 850, 854

      684, 858, 690, 862, 294
YP6G O    1- 10  75 ---W--- 14JAN21-20JAN21 01JAN20-20JAN21  803,1505
     1307, 813, 619, 625, 821, 825, 841, 663, 845, 849, 675, 853, 857
      861, 693, 295, 565, 502, 508, 300,1602,1302, 606,1514, 806, 810
      826, 838, 842, 666, 846, 850, 678, 854, 684, 858, 690, 862, 294
YP6G O    1- 10  75 ---W--- 21JAN21-31JAN21 01JAN20-31JAN21  803,1505
     1307, 813, 619, 817, 625, 821, 825, 841, 663, 845, 849, 675, 853
      857, 861, 693, 295, 565, 502, 508, 300,1602,1302, 606,1514, 806
      810, 818, 826, 838, 842, 666, 846, 850, 678, 854, 684, 858, 690
      862, 294
YP6G O    1- 10  75 ---W--- 01FEB21-07FEB21 01JAN21-07FEB21  803, 805
     1505,1307, 813, 619, 817, 625, 821, 825, 829, 833, 841, 663, 845
      849, 673, 675, 853, 857, 861, 693, 295, 502, 508, 300,1602,1302
      606,1514, 806, 810, 818, 838, 842, 666, 846, 850, 678, 854, 858
      690, 862, 294
YP6G O    1- 10  75 ---W--- 08FEB21-14FEB21 01JAN21-17FEB21  583, 502
      300, 606,1514, 806, 610, 612, 810, 818, 630, 822, 826, 830, 834
      838, 660, 842, 666, 846, 672, 850, 858, 862, 696, 598
YP6G O    1- 10  75 ---W--- 15FEB21-17FEB21 01JAN21-17FEB21  805,1505
      609, 809, 813, 817, 821, 825, 829, 833, 837,1321, 841, 663, 845
      667, 669, 849, 673, 675, 853,1679, 681, 857, 687, 861, 693, 295
     1530,1534,1538,1550, 858, 696
YP6G O    1- 10  75 ---W--- 23FEB21-25FEB21 01JAN21-25FEB21  803, 805
     1505,1307, 813, 619, 817, 625, 821, 825, 829, 833, 841, 663, 845
      849, 673, 675, 853, 857, 861, 693, 295, 502, 508, 300,1602,1302
      606,1514, 806, 810, 818, 838, 842, 666, 846, 850, 678, 854, 858
      690, 862, 294
YP6G O    1- 10  75 ----T-- 14JAN21-20JAN21 01JAN20-20JAN21  803,1505
     1307, 813, 619, 625, 821, 825, 829, 833, 841, 663, 845, 667, 849
      675, 853, 857, 861, 693, 333, 295, 565, 502, 508, 300,1602,1302
      606,1514, 806, 810, 838, 842, 846, 850, 678, 858, 690, 862, 294
YP6G O    1- 10  75 ----T-- 21JAN21-31JAN21 01JAN20-31JAN21  803,1505
     1307, 813, 619, 817, 625, 821, 825, 829, 833, 841, 663, 845, 667
      849, 675, 853, 857, 861, 693, 333, 295, 565, 502, 508, 300,1602
     1302, 606,1514, 806, 810, 818, 838, 842, 846, 850, 678, 858, 690
      862, 294
YP6G O    1- 10  75 ----T-- 01FEB21-07FEB21 01JAN21-07FEB21  803,1505
     1509,1307, 813, 619, 817, 625, 821, 825, 841, 663, 845, 849, 675
      853, 857, 861, 693, 295, 567, 502, 508, 300,1602,1302, 606,1514
      806, 810, 818, 838, 842, 846, 850, 858, 690, 862, 294
YP6G O    1- 10  75 ----T-- 08FEB21-14FEB21 01JAN21-17FEB21  583, 333
      565, 606, 806, 610, 612, 810, 818, 822, 826, 842, 846, 678, 696
YP6G O    1- 10  75 ----T-- 18FEB21-22FEB21 01JAN21-22FEB21  803,1505
     1509,1307, 813, 619, 625, 821, 825, 841, 663, 845, 849, 675, 853
      857, 861, 693, 295, 567, 502, 508, 300,1602,1302, 606,1514, 806
      810, 838, 842, 846, 850, 858, 690, 862, 294
YP6G O    1- 10  75 ----T-- 23FEB21-25FEB21 01JAN21-25FEB21  803,1505
     1509,1307, 813, 619, 817, 625, 821, 825, 841, 663, 845, 849, 675
      853, 857, 861, 693, 295, 567, 502, 508, 300,1602,1302, 606,1514
      806, 810, 818, 838, 842, 846, 850, 858, 690, 862, 294
YP6G O    1- 10  75 -----F- 14JAN21-20JAN21 01JAN20-20JAN21  803, 805
     1505, 813, 625, 825,1637, 829, 833, 861, 333,1563, 565, 502, 508
      300,1602,1302, 606,1514, 806, 810, 822, 830,1546, 838, 854, 858
      862, 696
YP6G O    1- 10  75 -----F- 21JAN21-31JAN21 01JAN20-31JAN21  803, 805
     1505, 813, 817, 625, 825,1637, 829, 833, 861, 333,1563, 565, 502
      508, 300,1602,1302, 606,1514, 806, 810, 818, 822, 830,1546, 838
      854, 858, 862, 696
YP6G O    1- 10  75 -----F- 01FEB21-07FEB21 01JAN21-07FEB21  803,1505
      809, 813, 817, 625, 825,1637, 829, 833,1557, 687, 861,1691, 693
      333,1563, 295, 565, 567, 502, 508, 300, 802,1602,1302, 606,1514
      806, 810, 818, 822, 830, 862, 294
YP6G O    1- 10  75 -----F- 08FEB21-14FEB21 01JAN21-17FEB21 1545, 333
      567, 502, 508, 300, 802, 606, 806, 610, 612
YP6G O    1- 10  75 -----F- 18FEB21-22FEB21 01JAN21-22FEB21  803,1505
      809, 813, 625, 825,1637, 829, 833,1557, 687, 861,1691, 693, 333
     1563, 295, 565, 567, 502, 508, 300, 802,1602,1302, 606,1514, 806
      810, 822, 830, 862, 294
YP6G O    1- 10  75 ------S 14JAN21-20JAN21 01JAN20-20JAN21  803, 805
     1505, 833, 849, 675, 853, 857, 861, 333, 565, 567, 502, 508, 802
      806, 826, 830, 834, 838, 842, 846, 850, 678, 854, 684, 858, 696
      598
YP6G O    1- 10  75 ------S 21JAN21-31JAN21 01JAN20-31JAN21  803, 805
     1505, 833, 849, 675, 853, 857, 861, 333, 565, 567, 502, 508, 802
      806, 818, 826, 830, 834, 838, 842, 846, 850, 678, 854, 684, 858
      696, 598
YP6G O    1- 10  75 ------S 01FEB21-07FEB21 01JAN21-07FEB21  803, 805
     1607,1505, 829, 837, 841, 845, 849, 675, 853, 857,1685, 861, 333
      295, 565, 502, 508, 802, 806, 612, 810, 818, 826, 830, 834, 838
      842, 846, 850, 854, 684, 858, 690, 696
YP6G O    1- 10  75 ------S 08FEB21-14FEB21 01JAN21-17FEB21  583,1545
     1685, 693, 333, 565, 567, 502,1510
YP6G O    1- 10  75 ------S 18FEB21-22FEB21 01JAN21-22FEB21  803, 805
     1607,1505, 829, 837, 841, 845, 849, 675, 853, 857,1685, 861, 333
      295, 565, 502, 508, 802, 806, 612, 810, 826, 830, 834, 838, 842
      846, 850, 854, 684, 858, 690, 696
YP88 O    1- 10  88 S------ 14JAN21-20JAN21 01JAN20-20JAN21  813, 837
      845, 849, 675, 857, 693, 648,1542, 834,1566, 858,1330
YP88 O    1- 10  88 S------ 21JAN21-31JAN21 01JAN20-31JAN21  813, 837
      845, 849, 675, 857, 693, 648,1542, 834,1566, 858,1330
YP88 O    1- 10  88 S------ 01FEB21-07FEB21 01JAN21-07FEB21  813, 845
      849, 853, 857, 693,1542, 834,1562, 854,1328,1566, 858,1330
YP88 O    1- 10  88 S------ 08FEB21-14FEB21 01JAN21-17FEB21  675, 853
     1685
YP88 O    1- 10  88 S------ 18FEB21-22FEB21 01JAN21-22FEB21  813, 845
      849, 853, 857, 693,1542, 834,1562, 854,1328,1566, 858,1330
YP88 O    1- 10  88 -M----- 14JAN21-20JAN21 01JAN20-20JAN21  805, 833
      837, 508,1602, 606, 822, 826
YP88 O    1- 10  88 -M----- 21JAN21-31JAN21 01JAN20-31JAN21  805, 833
      837, 508,1602, 606, 822, 826
YP88 O    1- 10  88 -M----- 01FEB21-07FEB21 01JAN21-07FEB21  805, 829
      833, 837, 300, 814, 822, 830, 834, 676
YP88 O    1- 10  88 -M----- 08FEB21-14FEB21 01JAN21-17FEB21 1505, 813
      833, 837,1321, 857, 861, 565, 806, 618, 814
YP88 O    1- 10  88 -M----- 15FEB21-17FEB21 01JAN21-17FEB21  809,1637
      829, 841, 853, 857, 687, 508,1510, 598
YP88 O    1- 10  88 -M----- 18FEB21-22FEB21 01JAN21-22FEB21  805, 829
      833, 837, 300, 814, 822, 830, 834, 676
YP88 O    1- 10  88 --T---- 14JAN21-20JAN21 01JAN20-20JAN21  805, 833
      814, 822, 826, 830, 660, 678
YP88 O    1- 10  88 --T---- 21JAN21-31JAN21 01JAN20-31JAN21  805, 833
      814, 822, 826, 830, 660, 678
YP88 O    1- 10  88 --T---- 01FEB21-07FEB21 01JAN21-07FEB21  837, 661
      673, 814, 822, 826, 830, 678
YP88 O    1- 10  88 --T---- 08FEB21-14FEB21 01JAN21-17FEB21  809, 612
      660
YP88 O    1- 10  88 --T---- 15FEB21-17FEB21 01JAN21-17FEB21  821, 829
      833,1510, 598
YP88 O    1- 10  88 --T---- 23FEB21-25FEB21 01JAN21-25FEB21  837, 661
      673, 814, 822, 826, 830, 678
YP88 O    1- 10  88 ---W--- 14JAN21-20JAN21 01JAN20-20JAN21  805, 809
      829, 833, 667, 822, 830, 660
YP88 O    1- 10  88 ---W--- 21JAN21-31JAN21 01JAN20-31JAN21  805, 809
      829, 833, 667, 822, 830, 660
YP88 O    1- 10  88 ---W--- 01FEB21-07FEB21 01JAN21-07FEB21  809, 837
      661, 826, 670, 684
YP88 O    1- 10  88 ---W--- 08FEB21-14FEB21 01JAN21-17FEB21  333, 565
      814, 642, 684, 690
YP88 O    1- 10  88 ---W--- 15FEB21-17FEB21 01JAN21-17FEB21  619, 625
     1643,1600,1302,1518,1522,1526,1312,1546, 850, 854
YP88 O    1- 10  88 ---W--- 23FEB21-25FEB21 01JAN21-25FEB21  809, 837
      661, 826, 670, 684
YP88 O    1- 10  88 ----T-- 14JAN21-20JAN21 01JAN20-20JAN21  805, 809
      837, 814, 822, 826, 660, 666, 854, 684
YP88 O    1- 10  88 ----T-- 21JAN21-31JAN21 01JAN20-31JAN21  805, 809
      837, 814, 822, 826, 660, 666, 854, 684
YP88 O    1- 10  88 ----T-- 01FEB21-07FEB21 01JAN21-07FEB21  805, 809
      829, 673, 822, 826, 672, 678, 854
YP88 O    1- 10  88 ----T-- 08FEB21-14FEB21 01JAN21-17FEB21  849, 853
      857, 830, 672
YP88 O    1- 10  88 ----T-- 18FEB21-22FEB21 01JAN21-22FEB21  805, 809
      829, 673, 822, 826, 672, 678, 854
YP88 O    1- 10  88 ----T-- 23FEB21-25FEB21 01JAN21-25FEB21  805, 809
      829, 673, 822, 826, 672, 678, 854
YP88 O    1- 10  88 -----F- 14JAN21-20JAN21 01JAN20-20JAN21  809, 821
      841,1541,1545, 853,1553, 857,1557, 567, 814,1634, 834,1550, 842
     1554, 846, 850, 678, 294
YP88 O    1- 10  88 -----F- 21JAN21-31JAN21 01JAN20-31JAN21  809, 821
      841,1541,1545, 853,1553, 857,1557, 567, 814,1634, 834,1550, 842
     1554, 846, 850, 678, 294
YP88 O    1- 10  88 -----F- 01FEB21-07FEB21 01JAN21-07FEB21  805, 821
      837, 841,1541, 845,1553, 857, 834,1546, 838, 842,1554, 846, 850
      854, 858, 690
YP88 O    1- 10  88 -----F- 08FEB21-14FEB21 01JAN21-17FEB21  822, 696
YP88 O    1- 10  88 -----F- 18FEB21-22FEB21 01JAN21-22FEB21  805, 821
      837, 841,1541, 845,1553, 857, 834,1546, 838, 842,1554, 846, 850
      854, 858, 690
YP88 O    1- 10  88 ------S 14JAN21-20JAN21 01JAN20-20JAN21  809, 813
     1513, 821,1631, 825, 829, 837, 841, 845, 693, 300, 606, 810, 814
      822, 660, 690, 862, 294
YP88 O    1- 10  88 ------S 21JAN21-31JAN21 01JAN20-31JAN21  809, 813
     1513, 817, 821,1631, 825, 829, 837, 841, 845, 693, 300, 606, 810
      814, 822, 660, 690, 862, 294
YP88 O    1- 10  88 ------S 01FEB21-07FEB21 01JAN21-07FEB21  609, 809
     1509, 813,1513, 817, 625, 627, 821,1631, 825, 833,1679, 681, 693
      567, 300, 606,1522, 814,1688, 862
YP88 O    1- 10  88 ------S 08FEB21-14FEB21 01JAN21-17FEB21  857, 295
     1570, 598
YP88 O    1- 10  88 ------S 18FEB21-22FEB21 01JAN21-22FEB21  609, 809
     1509, 813,1513, 625, 627, 821,1631, 825, 833,1679, 681, 693, 567
      300, 606,1522, 814,1688, 862
Y999 O    1- 99 100 @       01JAN18-#       #      -#        583, 803
      203, 603, 805,1607, 109,1505, 609, 205,1305, 809, 613, 113,1509
      615,1209,1307, 813, 619, 117,1513, 621,1213,1309, 817, 625, 121
      627,1217, 821,1631, 125, 633, 825,1637, 129, 639, 829,1643, 133
      645, 833,1649, 137, 651, 837,1655, 141, 657,1237,1321, 841, 661
      145,1541, 663,1241, 845, 667, 149,1545, 669,1245, 849, 673, 153
     1549, 675, 249,1327, 853,1679, 157,1553, 681,1253, 857,1685, 161
     1557, 687,1257, 861,1691, 165, 693, 333,1563, 295, 565, 567, 502
     1504, 300, 508,1510, 802,1202,1602,1302, 204, 606,1514, 206, 806
      610, 108, 612,1210, 810, 616, 112, 618,1522,1214, 814,1622, 116
      624,1218, 818, 628, 120, 630, 822,1634, 124, 636, 826,1640, 128
      642,1538, 830,1646, 132, 648,1542,1234, 834,1652,1318, 136, 654
     1546,1238, 838, 658,1320, 140, 660,1550, 242, 842, 664, 144, 666
     1554,1246, 846, 670, 148, 672,1558,1250, 850, 676,1326, 152, 678
     1562,1254, 854,1682,1328, 156, 684,1566,1258, 858,1688,1330, 160
     1570, 690, 862,1264, 696, 294, 598
 
